Define CharList
 ( 'A', 'B', 'C', 'D', 'E', 'F', 'G', 'H', 'I', 'J', 'K', 'L', 'M', 'N', 'O', 'P',
   'Q', 'R', 'S', 'T', 'U', 'V', 'W', 'X', 'Y', 'Z', 'a', 'b', 'c', 'd', 'e', 'f',
   'g', 'h', 'i', 'j', 'k', 'l', 'm', 'n', 'o', 'p', 'q', 'r', 's', 't', 'u', 'v',
   'w', 'x', 'y', 'z', '0', '1', '2', '3', '4', '5', '6', '7', '8', '9', '~', '`',
   '!', '@', '#', '$', '%', '^', '&', '*', '(', ')', '-', '_', '=', '+', '[', '{',
   ']', '}', ';', ':',"'", '"', ',', '<', '.', '>', '/', '?', '¡', '¢', '£', '¥',
   '§', '©', '®', '¿', 'À', 'Á', 'Â', 'Ã', 'Ä', 'Å', 'Æ', 'Ç', 'È', 'É', 'Ê', 'Ë',
   'Ì', 'Í', 'Î', 'Ï', 'Ð', 'Ñ', 'Ò', 'Ó', 'Ô', 'Õ', 'Ö', 'Ø', 'Ù', 'Ú', 'Û', 'Ü',
   'Ý', 'ß', 'à', 'á', 'â', 'ã', 'ä', 'å', 'æ', 'ç', 'è', 'é', 'ê', 'ë', 'ì', 'í',
   'î', 'ï', 'ð', 'ñ', 'ò', 'ó', 'ô', 'õ', 'ö', 'ø', 'ù', 'ú', 'û', 'ü', 'ý', 'ÿ');

Define WidthList
 (  11,  12,  12,  12,  11,  10,  12,  12,   4,   9,  12,  10,  13,  12,  12,  11,
    12,  12,  11,  10,  12,  11,  15,  11,  10,   9,   9,  10,   9,  10,   9,   5,
    10,  10,   4,   4,   9,   4,  14,  10,  10,  10,  10,   6,   9,   5,  10,   9,
    13,   9,   9,   9,   9,   9,   9,   9,   9,   9,   9,   9,   9,   9,   9,   5,
     4,  16,   9,   9,  16,   9,  12,   6,   5,   5,   5,   9,   9,   9,   5,   6,
     5,   6,   6,   6,   4,   8,   4,   9,   4,   9,   4,  10,   4,   9,   9,   9,
     9,  12,  12,  10,  11,  11,  11,  11,  11,  11,  16,  12,  11,  11,  11,  11,
     4,   4,   4,   4,  12,  12,  12,  12,  12,  12,  12,  12,  12,  12,  12,  12,
    10,  10,   9,   9,   9,   9,   9,   9,  14,   9,   9,   9,   9,   9,   4,   4,
     4,   4,  10,  10,  10,  10,  10,  10,  10,  10,  10,  10,  10,  10,   9,   9);

Define RectList
 ( (   0,  0, 11, 17), (  12,  0, 10, 17), (  23,  0, 10, 17), (  34,  0, 10, 17),
   (  45,  0,  9, 17), (  55,  0,  8, 17), (  64,  0, 10, 17), (  75,  0, 10, 17),
   (  86,  0,  2, 17), (  89,  0,  8, 17), (  98,  0, 11, 17), ( 110,  0,  8, 17),
   ( 119,  0, 11, 17), ( 131,  0, 10, 17), ( 142,  0, 10, 17), ( 153,  0,  9, 17),
   ( 163,  0, 10, 17), ( 174,  0, 11, 17), ( 186,  0,  9, 17), ( 196,  0, 10, 17),
   ( 207,  0, 10, 17), ( 218,  0, 13, 17), ( 232,  0, 15, 17), ( 248,  0, 11, 17),
   ( 260,  0, 12, 17), ( 273,  0,  9, 17), ( 283,  0,  8, 17), ( 292,  0,  8, 17),
   ( 301,  0,  7, 17), ( 309,  0,  8, 17), ( 318,  0,  7, 17), ( 326,  0,  6, 17),
   ( 333,  0,  9, 17), ( 343,  0,  8, 17), ( 352,  0,  2, 17), ( 355,  0,  4, 17),
   ( 360,  0,  8, 17), ( 369,  0,  2, 17), ( 372,  0, 12, 17), ( 385,  0,  8, 17),
   ( 394,  0,  8, 17), ( 403,  0,  8, 17), ( 412,  0,  8, 17), ( 421,  0,  5, 17),
   ( 427,  0,  7, 17), ( 435,  0,  5, 17), ( 441,  0,  8, 17), ( 450,  0,  9, 17),
   ( 460,  0, 13, 17), ( 474,  0,  9, 17), ( 484,  0, 11, 17), ( 496,  0,  7, 17),
   ( 504,  0,  8, 17), ( 513,  0,  5, 17), ( 519,  0,  8, 17), ( 528,  0,  8, 17),
   ( 537,  0,  8, 17), ( 546,  0,  8, 17), ( 555,  0,  8, 17), ( 564,  0,  8, 17),
   ( 573,  0,  8, 17), ( 582,  0,  8, 17), ( 591,  0,  8, 17), ( 600,  0,  3, 17),
   ( 604,  0,  2, 17), ( 607,  0, 15, 17), ( 623,  0,  7, 17), ( 631,  0,  7, 17),
   ( 639,  0, 15, 17), ( 655,  0,  8, 17), ( 664,  0, 11, 17), ( 676,  0,  5, 17),
   ( 682,  0,  4, 17), ( 687,  0,  4, 17), ( 692,  0,  4, 17), ( 697,  0,  9, 17),
   ( 707,  0,  8, 17), ( 716,  0,  8, 17), ( 725,  0,  4, 17), ( 730,  0,  6, 17),
   ( 737,  0,  4, 17), ( 742,  0,  6, 17), ( 749,  0,  2, 17), ( 752,  0,  2, 17),
   ( 755,  0,  2, 17), ( 758,  0,  6, 17), ( 765,  0,  2, 17), ( 768,  0,  8, 17),
   ( 777,  0,  2, 17), ( 780,  0,  8, 17), ( 789,  0,  4, 17), ( 794,  0,  8, 17),
   ( 803,  0,  2, 17), ( 806,  0,  8, 17), ( 815,  0,  9, 17), ( 825,  0,  8, 17),
   ( 834,  0,  8, 17), ( 843,  0, 12, 17), ( 856,  0, 12, 17), ( 869,  0,  8, 17),
   ( 878,  0, 11, 17), ( 890,  0, 11, 17), ( 902,  0, 11, 17), ( 914,  0, 11, 17),
   ( 926,  0, 11, 17), ( 938,  0, 11, 17), ( 950,  0, 16, 17), ( 967,  0, 10, 17),
   ( 978,  0,  9, 17), ( 988,  0,  9, 17), ( 998,  0,  9, 17), (1008,  0,  9, 17),
   (1018,  0,  2, 17), (1021,  0,  2, 17), (1024,  0,  5, 17), (1030,  0,  5, 17),
   (1036,  0, 11, 17), (1048,  0, 10, 17), (1059,  0, 10, 17), (1070,  0, 10, 17),
   (1081,  0, 10, 17), (1092,  0, 10, 17), (1103,  0, 10, 17), (1114,  0, 12, 17),
   (1127,  0, 10, 17), (1138,  0, 10, 17), (1149,  0, 10, 17), (1160,  0, 10, 17),
   (1171,  0, 12, 17), (1184,  0,  8, 17), (1193,  0,  8, 17), (1202,  0,  8, 17),
   (1211,  0,  8, 17), (1220,  0,  8, 17), (1229,  0,  8, 17), (1238,  0,  8, 17),
   (1247,  0, 12, 17), (1260,  0,  7, 17), (1268,  0,  7, 17), (1276,  0,  7, 17),
   (1284,  0,  7, 17), (1292,  0,  7, 17), (1300,  0,  3, 17), (1304,  0,  3, 17),
   (1308,  0,  5, 17), (1314,  0,  5, 17), (1320,  0,  8, 17), (1329,  0,  8, 17),
   (1338,  0,  8, 17), (1347,  0,  8, 17), (1356,  0,  8, 17), (1365,  0,  8, 17),
   (1374,  0,  8, 17), (1383,  0,  8, 17), (1392,  0,  8, 17), (1401,  0,  8, 17),
   (1410,  0,  8, 17), (1419,  0,  8, 17), (1428,  0, 11, 17), (1440,  0, 11, 17));

Define OffsetList
 ( ( 0, 0), ( 1, 0), ( 1, 0), ( 1, 0), ( 1, 0), ( 1, 0), ( 1, 0), ( 1, 0),
   ( 1, 0), ( 0, 0), ( 1, 0), ( 1, 0), ( 1, 0), ( 1, 0), ( 1, 0), ( 1, 0),
   ( 1, 0), ( 1, 0), ( 1, 0), ( 0, 0), ( 1, 0), (-1, 0), ( 0, 0), ( 0, 0),
   (-1, 0), ( 0, 0), ( 1, 0), ( 1, 0), ( 1, 0), ( 1, 0), ( 1, 0), ( 0, 0),
   ( 0, 0), ( 1, 0), ( 1, 0), (-1, 0), ( 1, 0), ( 1, 0), ( 1, 0), ( 1, 0),
   ( 1, 0), ( 1, 0), ( 1, 0), ( 1, 0), ( 1, 0), ( 0, 0), ( 1, 0), ( 0, 0),
   ( 0, 0), ( 0, 0), (-1, 0), ( 1, 0), ( 0, 0), ( 1, 0), ( 0, 0), ( 0, 0),
   ( 0, 0), ( 0, 0), ( 0, 0), ( 0, 0), ( 0, 0), ( 0, 0), ( 0, 0), ( 0, 0),
   ( 1, 0), ( 1, 0), ( 1, 0), ( 1, 0), ( 0, 0), ( 0, 0), ( 1, 0), ( 0, 0),
   ( 1, 0), ( 0, 0), ( 1, 0), ( 0, 0), ( 0, 0), ( 0, 0), ( 1, 0), ( 0, 0),
   ( 0, 0), ( 0, 0), ( 2, 0), ( 2, 0), ( 1, 0), ( 1, 0), ( 1, 0), ( 0, 0),
   ( 1, 0), ( 0, 0), ( 0, 0), ( 1, 0), ( 1, 0), ( 0, 0), ( 0, 0), ( 0, 0),
   ( 0, 0), ( 0, 0), ( 0, 0), ( 1, 0), ( 0, 0), ( 0, 0), ( 0, 0), ( 0, 0),
   ( 0, 0), ( 0, 0), (-1, 0), ( 1, 0), ( 1, 0), ( 1, 0), ( 1, 0), ( 1, 0),
   ( 1, 0), ( 1, 0), ( 0, 0), ( 0, 0), ( 0, 0), ( 1, 0), ( 1, 0), ( 1, 0),
   ( 1, 0), ( 1, 0), ( 1, 0), ( 0, 0), ( 1, 0), ( 1, 0), ( 1, 0), ( 1, 0),
   (-1, 0), ( 1, 0), ( 1, 0), ( 1, 0), ( 1, 0), ( 1, 0), ( 1, 0), ( 1, 0),
   ( 1, 0), ( 1, 0), ( 1, 0), ( 1, 0), ( 1, 0), ( 1, 0), ( 0, 0), ( 1, 0),
   ( 0, 0), ( 0, 0), ( 1, 0), ( 1, 0), ( 1, 0), ( 1, 0), ( 1, 0), ( 1, 0),
   ( 1, 0), ( 1, 0), ( 1, 0), ( 1, 0), ( 1, 0), ( 1, 0), (-1, 0), (-1, 0));

Define KerningPairs
 ("11","AT","AV","AW","AY","Av","Ay","F,","F.","FA","LT","LV","LW","LY","Ly","P,",
  "P.","PA","RY","T,","T-","T.","T:","T;","TA","Ta","Tc","Te","To","Tr","Ts","Tu",
  "Tw","Ty","V,","V-","V.","V:","V;","VA","Va","Ve","Vo","Vr","Vu","Vy","W,","W.",
  "WA","Wa","Y,","Y-","Y.","Y:","Y;","YA","Ya","Ye","Yi","Yo","Yp","Yq","Yu","Yv",
  "r,","r.","v,","v.","w,","w.","y,","y.","G,","G.");

Define KerningValues
 (  -1,  -1,  -1,  -1,  -1,  -1,  -1,  -2,  -2,  -1,  -1,  -1,  -1,  -1,  -1,  -2,
    -2,  -1,  -1,  -2,  -1,  -2,  -2,  -2,  -1,  -1,  -1,  -1,  -1,  -1,  -1,  -1,
    -1,  -1,  -1,  -1,  -1,  -1,  -1,  -1,  -1,  -1,  -1,  -1,  -1,  -1,  -1,  -1,
    -1,  -1,  -2,  -1,  -2,  -1,  -1,  -1,  -1,  -1,  -1,  -1,  -1,  -1,  -1,  -1,
    -1,  -1,  -1,  -1,  -1,  -1,  -1,  -1,  -2,  -2);

CreateLayer               Main;
LayerSetImage             Main 'Arial12Bold';
LayerSetAscent            Main 14;
LayerSetCharWidths        Main CharList WidthList;
LayerSetCharWidths        Main (' ') (4);
LayerSetKerningPairs      Main KerningPairs KerningValues;
LayerSetImageMap          Main CharList RectList;
LayerSetCharOffsets       Main CharList OffsetList;
LayerSetAscentPadding     Main 0;
LayerSetLineSpacingOffset Main 0;
LayerSetPointSize         Main 12;

SetDefaultPointSize  12;
