Define CharList
 ( 'A', 'B', 'C', 'D', 'E', 'F', 'G', 'H', 'I', 'J', 'K', 'L', 'M', 'N', 'O', 'P',
   'Q', 'R', 'S', 'T', 'U', 'V', 'W', 'X', 'Y', 'Z', 'a', 'b', 'c', 'd', 'e', 'f',
   'g', 'h', 'i', 'j', 'k', 'l', 'm', 'n', 'o', 'p', 'q', 'r', 's', 't', 'u', 'v',
   'w', 'x', 'y', 'z', '0', '1', '2', '3', '4', '5', '6', '7', '8', '9', '~', '`',
   '!', '@', '#', '$', '%', '^', '&', '*', '(', ')', '-', '_', '=', '+', '[', '{',
   ']', '}', ';', ':',"'", '"', ',', '<', '.', '>', '/', '?', '¡', '¢', '£', '¥',
   '§', '©', '®', '¿', 'À', 'Á', 'Â', 'Ã', 'Ä', 'Å', 'Æ', 'Ç', 'È', 'É', 'Ê', 'Ë',
   'Ì', 'Í', 'Î', 'Ï', 'Ð', 'Ñ', 'Ò', 'Ó', 'Ô', 'Õ', 'Ö', 'Ø', 'Ù', 'Ú', 'Û', 'Ü',
   'Ý', 'ß', 'à', 'á', 'â', 'ã', 'ä', 'å', 'æ', 'ç', 'è', 'é', 'ê', 'ë', 'ì', 'í',
   'î', 'ï', 'ð', 'ñ', 'ò', 'ó', 'ô', 'õ', 'ö', 'ø', 'ù', 'ú', 'û', 'ü', 'ý', 'ÿ');

Define WidthList
 (   8,   8,   8,   8,   7,   6,   8,   8,   3,   7,   8,   7,  10,   8,   9,   8,
     9,   8,   8,   7,   8,   8,  12,   8,   7,   7,   7,   7,   7,   7,   7,   4,
     7,   7,   3,   3,   7,   3,  11,   7,   7,   7,   7,   5,   7,   4,   7,   6,
    10,   7,   6,   6,   7,   7,   7,   7,   7,   7,   7,   7,   7,   7,   7,   4,
     3,  12,   7,   7,   9,   7,   9,   5,   4,   4,   4,   7,   7,   7,   4,   5,
     4,   5,   3,   3,   3,   6,   3,   7,   3,   7,   3,   7,   3,   7,   7,   7,
     7,   9,   9,   7,   8,   8,   8,   8,   8,   8,  13,   8,   7,   7,   7,   7,
     3,   3,   3,   3,   9,   8,   9,   9,   9,   9,   9,   9,   8,   8,   8,   8,
     7,   7,   7,   7,   7,   7,   7,   7,  11,   7,   7,   7,   7,   7,   3,   3,
     3,   3,   7,   7,   7,   7,   7,   7,   7,   7,   7,   7,   7,   7,   6,   6);

Define RectList
 ( (   0,  0,  9, 14), (  10,  0,  7, 14), (  18,  0,  7, 14), (  26,  0,  7, 14),
   (  34,  0,  6, 14), (  41,  0,  5, 14), (  47,  0,  7, 14), (  55,  0,  7, 14),
   (  63,  0,  2, 14), (  66,  0,  6, 14), (  73,  0,  8, 14), (  82,  0,  6, 14),
   (  89,  0,  9, 14), (  99,  0,  7, 14), ( 107,  0,  8, 14), ( 116,  0,  7, 14),
   ( 124,  0,  8, 14), ( 133,  0,  8, 14), ( 142,  0,  7, 14), ( 150,  0,  6, 14),
   ( 157,  0,  7, 14), ( 165,  0,  9, 14), ( 175,  0, 13, 14), ( 189,  0,  9, 14),
   ( 199,  0, 10, 14), ( 210,  0,  6, 14), ( 217,  0,  6, 14), ( 224,  0,  6, 14),
   ( 231,  0,  6, 14), ( 238,  0,  6, 14), ( 245,  0,  6, 14), ( 252,  0,  5, 14),
   ( 258,  0,  6, 14), ( 265,  0,  6, 14), ( 272,  0,  2, 14), ( 275,  0,  3, 14),
   ( 279,  0,  7, 14), ( 287,  0,  2, 14), ( 290,  0, 10, 14), ( 301,  0,  6, 14),
   ( 308,  0,  6, 14), ( 315,  0,  6, 14), ( 322,  0,  6, 14), ( 329,  0,  4, 14),
   ( 334,  0,  6, 14), ( 341,  0,  4, 14), ( 346,  0,  6, 14), ( 353,  0,  9, 14),
   ( 363,  0,  9, 14), ( 373,  0,  8, 14), ( 382,  0,  7, 14), ( 390,  0,  5, 14),
   ( 396,  0,  6, 14), ( 403,  0,  4, 14), ( 408,  0,  6, 14), ( 415,  0,  6, 14),
   ( 422,  0,  6, 14), ( 429,  0,  6, 14), ( 436,  0,  7, 14), ( 444,  0,  6, 14),
   ( 451,  0,  6, 14), ( 458,  0,  6, 14), ( 465,  0,  6, 14), ( 472,  0,  3, 14),
   ( 476,  0,  2, 14), ( 479,  0, 11, 14), ( 491,  0,  6, 14), ( 498,  0,  5, 14),
   ( 504,  0,  8, 14), ( 513,  0,  6, 14), ( 520,  0,  9, 14), ( 530,  0,  3, 14),
   ( 534,  0,  3, 14), ( 538,  0,  3, 14), ( 542,  0,  3, 14), ( 546,  0,  7, 14),
   ( 554,  0,  6, 14), ( 561,  0,  6, 14), ( 568,  0,  3, 14), ( 572,  0,  5, 14),
   ( 578,  0,  3, 14), ( 582,  0,  5, 14), ( 588,  0,  2, 14), ( 591,  0,  2, 14),
   ( 594,  0,  2, 14), ( 597,  0,  5, 14), ( 603,  0,  2, 14), ( 606,  0,  6, 14),
   ( 613,  0,  2, 14), ( 616,  0,  6, 14), ( 623,  0,  3, 14), ( 627,  0,  6, 14),
   ( 634,  0,  2, 14), ( 637,  0,  6, 14), ( 644,  0,  7, 14), ( 652,  0,  6, 14),
   ( 659,  0,  6, 14), ( 666,  0,  9, 14), ( 676,  0,  9, 14), ( 686,  0,  6, 14),
   ( 693,  0,  9, 14), ( 703,  0,  9, 14), ( 713,  0,  9, 14), ( 723,  0,  9, 14),
   ( 733,  0,  9, 14), ( 743,  0,  9, 14), ( 753,  0, 12, 14), ( 766,  0,  7, 14),
   ( 774,  0,  6, 14), ( 781,  0,  6, 14), ( 788,  0,  6, 14), ( 795,  0,  6, 14),
   ( 802,  0,  2, 14), ( 805,  0,  2, 14), ( 808,  0,  3, 14), ( 812,  0,  4, 14),
   ( 817,  0,  8, 14), ( 826,  0,  7, 14), ( 834,  0,  8, 14), ( 843,  0,  8, 14),
   ( 852,  0,  8, 14), ( 861,  0,  8, 14), ( 870,  0,  8, 14), ( 879,  0, 10, 14),
   ( 890,  0,  7, 14), ( 898,  0,  7, 14), ( 906,  0,  7, 14), ( 914,  0,  7, 14),
   ( 922,  0, 10, 14), ( 933,  0,  6, 14), ( 940,  0,  6, 14), ( 947,  0,  6, 14),
   ( 954,  0,  6, 14), ( 961,  0,  6, 14), ( 968,  0,  6, 14), ( 975,  0,  6, 14),
   ( 982,  0, 10, 14), ( 993,  0,  6, 14), (1000,  0,  6, 14), (1007,  0,  6, 14),
   (1014,  0,  6, 14), (1021,  0,  6, 14), (1028,  0,  3, 14), (1032,  0,  3, 14),
   (1036,  0,  3, 14), (1040,  0,  4, 14), (1045,  0,  6, 14), (1052,  0,  6, 14),
   (1059,  0,  6, 14), (1066,  0,  6, 14), (1073,  0,  6, 14), (1080,  0,  6, 14),
   (1087,  0,  6, 14), (1094,  0,  6, 14), (1101,  0,  6, 14), (1108,  0,  6, 14),
   (1115,  0,  6, 14), (1122,  0,  6, 14), (1129,  0,  7, 14), (1137,  0,  7, 14));

Define OffsetList
 ( (-1, 0), ( 0, 0), ( 0, 0), ( 0, 0), ( 0, 0), ( 0, 0), ( 0, 0), ( 0, 0),
   ( 0, 0), ( 0, 0), ( 0, 0), ( 0, 0), ( 0, 0), ( 0, 0), ( 0, 0), ( 0, 0),
   ( 0, 0), ( 0, 0), ( 0, 0), ( 0, 0), ( 0, 0), (-1, 0), (-1, 0), (-1, 0),
   (-2, 0), ( 0, 0), ( 0, 0), ( 0, 0), ( 0, 0), ( 0, 0), ( 0, 0), (-1, 0),
   ( 0, 0), ( 0, 0), ( 0, 0), (-1, 0), ( 0, 0), ( 0, 0), ( 0, 0), ( 0, 0),
   ( 0, 0), ( 0, 0), ( 0, 0), ( 0, 0), ( 0, 0), (-1, 0), ( 0, 0), (-2, 0),
   ( 0, 0), (-1, 0), (-1, 0), ( 0, 0), ( 0, 0), ( 1, 0), ( 0, 0), ( 0, 0),
   ( 0, 0), ( 0, 0), (-1, 0), ( 0, 0), ( 0, 0), ( 0, 0), ( 0, 0), ( 0, 0),
   ( 0, 0), ( 0, 0), ( 0, 0), ( 1, 0), ( 0, 0), ( 0, 0), ( 0, 0), ( 1, 0),
   ( 0, 0), ( 0, 0), ( 0, 0), ( 0, 0), ( 0, 0), ( 0, 0), ( 0, 0), ( 0, 0),
   ( 0, 0), (-1, 0), ( 0, 0), ( 0, 0), ( 0, 0), ( 0, 0), ( 0, 0), ( 0, 0),
   ( 0, 0), ( 0, 0), ( 0, 0), ( 0, 0), ( 0, 0), ( 0, 0), ( 0, 0), ( 0, 0),
   ( 0, 0), ( 0, 0), ( 0, 0), ( 0, 0), (-1, 0), (-1, 0), (-1, 0), (-1, 0),
   (-1, 0), (-1, 0), ( 0, 0), ( 0, 0), ( 0, 0), ( 0, 0), ( 0, 0), ( 0, 0),
   ( 0, 0), ( 0, 0), ( 0, 0), (-1, 0), ( 0, 0), ( 0, 0), ( 0, 0), ( 0, 0),
   ( 0, 0), ( 0, 0), ( 0, 0), (-1, 0), ( 0, 0), ( 0, 0), ( 0, 0), ( 0, 0),
   (-2, 0), ( 0, 0), ( 0, 0), ( 0, 0), ( 0, 0), ( 0, 0), ( 0, 0), ( 0, 0),
   ( 0, 0), ( 0, 0), ( 0, 0), ( 0, 0), ( 0, 0), ( 0, 0), (-1, 0), ( 0, 0),
   ( 0, 0), (-1, 0), ( 0, 0), ( 0, 0), ( 0, 0), ( 0, 0), ( 0, 0), ( 0, 0),
   ( 0, 0), ( 0, 0), ( 0, 0), ( 0, 0), ( 0, 0), ( 0, 0), (-1, 0), (-1, 0));

Define KerningPairs
 ("11","AT","AV","AW","AY","F,","F.","FA","LT","LV","LW","LY","P,","P.","PA","T,",
  "T-","T.","T:","T;","TA","Ta","Tc","Te","To","Tr","Ts","Tu","Tw","Ty","V,","V-",
  "V.","V:","V;","VA","Va","Ve","Vo","Vr","W,","W.","WA","Y,","Y-","Y.","Y:","Y;",
  "YA","Ya","Ye","Yo","Yp","Yq","Yu","Yv","r,","r.","v,","v.","y,","y.","G,","G.");

Define KerningValues
 (  -1,  -1,  -1,  -1,  -1,  -1,  -1,  -1,  -1,  -1,  -1,  -1,  -2,  -2,  -1,  -1,
    -1,  -1,  -1,  -1,  -1,  -1,  -1,  -1,  -1,  -1,  -1,  -1,  -1,  -1,  -1,  -1,
    -1,  -1,  -1,  -1,  -1,  -1,  -1,  -1,  -1,  -1,  -1,  -1,  -1,  -1,  -1,  -1,
    -1,  -1,  -1,  -1,  -1,  -1,  -1,  -1,  -1,  -1,  -1,  -1,  -1,  -1,  -1,  -1);

CreateLayer               Main;
LayerSetImage             Main 'Arial9Bold';
LayerSetAscent            Main 11;
LayerSetCharWidths        Main CharList WidthList;
LayerSetCharWidths        Main (' ') (3);
LayerSetKerningPairs      Main KerningPairs KerningValues;
LayerSetImageMap          Main CharList RectList;
LayerSetCharOffsets       Main CharList OffsetList;
LayerSetAscentPadding     Main 0;
LayerSetLineSpacingOffset Main 0;
LayerSetPointSize         Main 9;

SetDefaultPointSize  9;
