Define CharList
 ( 'A', 'B', 'C', 'D', 'E', 'F', 'G', 'H', 'I', 'J', 'K', 'L', 'M', 'N', 'O', 'P',
   'Q', 'R', 'S', 'T', 'U', 'V', 'W', 'X', 'Y', 'Z', 'a', 'b', 'c', 'd', 'e', 'f',
   'g', 'h', 'i', 'j', 'k', 'l', 'm', 'n', 'o', 'p', 'q', 'r', 's', 't', 'u', 'v',
   'w', 'x', 'y', 'z', '0', '1', '2', '3', '4', '5', '6', '7', '8', '9', '~', '`',
   '!', '@', '#', '$', '%', '^', '&', '*', '(', ')', '-', '_', '=', '+', '[', '{',
   ']', '}', ';', ':',"'", '"', ',', '<', '.', '>', '/', '?', '¡', '¢', '£', '¥',
   '§', '©', '®', '¿');

Define WidthList
 (   7,   8,   9,   9,   8,   7,   9,   9,   3,   6,   8,   7,   9,   9,   9,   8,
     9,   9,   8,   7,   9,   7,  11,   7,   7,   7,   7,   7,   6,   7,   7,   3,
     7,   7,   3,   3,   6,   3,  11,   7,   7,   7,   7,   4,   7,   3,   7,   5,
     9,   5,   5,   5,   7,   7,   7,   7,   7,   7,   7,   7,   7,   7,   7,   4,
     3,  12,   7,   7,  11,   5,   8,   5,   4,   4,   4,   7,   7,   7,   3,   4,
     3,   4,   3,   3,   2,   4,   3,   7,   3,   7,   3,   7,   3,   7,   7,   7,
     7,   9,   9,   7);

Define RectList
 ( (   0,  0,  9, 14), (  10,  0,  6, 14), (  17,  0,  7, 14), (  25,  0,  7, 14),
   (  33,  0,  6, 14), (  40,  0,  5, 14), (  46,  0,  7, 14), (  54,  0,  7, 14),
   (  62,  0,  1, 14), (  64,  0,  5, 14), (  70,  0,  7, 14), (  78,  0,  6, 14),
   (  85,  0,  7, 14), (  93,  0,  7, 14), ( 101,  0,  7, 14), ( 109,  0,  6, 14),
   ( 116,  0,  7, 14), ( 124,  0,  8, 14), ( 133,  0,  6, 14), ( 140,  0,  7, 14),
   ( 148,  0,  7, 14), ( 156,  0,  9, 14), ( 166,  0, 11, 14), ( 178,  0,  7, 14),
   ( 186,  0,  7, 14), ( 194,  0,  7, 14), ( 202,  0,  5, 14), ( 208,  0,  5, 14),
   ( 214,  0,  4, 14), ( 219,  0,  5, 14), ( 225,  0,  5, 14), ( 231,  0,  4, 14),
   ( 236,  0,  5, 14), ( 242,  0,  5, 14), ( 248,  0,  1, 14), ( 250,  0,  3, 14),
   ( 254,  0,  5, 14), ( 260,  0,  1, 14), ( 262,  0,  9, 14), ( 272,  0,  5, 14),
   ( 278,  0,  5, 14), ( 284,  0,  5, 14), ( 290,  0,  5, 14), ( 296,  0,  3, 14),
   ( 300,  0,  5, 14), ( 306,  0,  3, 14), ( 310,  0,  5, 14), ( 316,  0,  5, 14),
   ( 322,  0,  9, 14), ( 332,  0,  5, 14), ( 338,  0,  5, 14), ( 344,  0,  5, 14),
   ( 350,  0,  5, 14), ( 356,  0,  3, 14), ( 360,  0,  5, 14), ( 366,  0,  5, 14),
   ( 372,  0,  5, 14), ( 378,  0,  5, 14), ( 384,  0,  5, 14), ( 390,  0,  5, 14),
   ( 396,  0,  5, 14), ( 402,  0,  5, 14), ( 408,  0,  6, 14), ( 415,  0,  2, 14),
   ( 418,  0,  1, 14), ( 420,  0, 11, 14), ( 432,  0,  7, 14), ( 440,  0,  5, 14),
   ( 446,  0,  9, 14), ( 456,  0,  5, 14), ( 462,  0,  7, 14), ( 470,  0,  5, 14),
   ( 476,  0,  3, 14), ( 480,  0,  3, 14), ( 484,  0,  3, 14), ( 488,  0,  7, 14),
   ( 496,  0,  6, 14), ( 503,  0,  5, 14), ( 509,  0,  2, 14), ( 512,  0,  3, 14),
   ( 516,  0,  2, 14), ( 519,  0,  3, 14), ( 523,  0,  1, 14), ( 525,  0,  1, 14),
   ( 527,  0,  1, 14), ( 529,  0,  3, 14), ( 533,  0,  1, 14), ( 535,  0,  5, 14),
   ( 541,  0,  1, 14), ( 543,  0,  5, 14), ( 549,  0,  3, 14), ( 553,  0,  5, 14),
   ( 559,  0,  1, 14), ( 561,  0,  5, 14), ( 567,  0,  5, 14), ( 573,  0,  7, 14),
   ( 581,  0,  6, 14), ( 588,  0,  9, 14), ( 598,  0,  9, 14), ( 608,  0,  5, 14));

Define OffsetList
 ( (-1, 0), ( 1, 0), ( 1, 0), ( 1, 0), ( 1, 0), ( 1, 0), ( 1, 0), ( 1, 0),
   ( 1, 0), ( 0, 0), ( 1, 0), ( 1, 0), ( 1, 0), ( 1, 0), ( 1, 0), ( 1, 0),
   ( 1, 0), ( 1, 0), ( 1, 0), ( 0, 0), ( 1, 0), (-1, 0), ( 0, 0), ( 0, 0),
   ( 0, 0), ( 0, 0), ( 1, 0), ( 1, 0), ( 1, 0), ( 1, 0), ( 1, 0), ( 0, 0),
   ( 1, 0), ( 1, 0), ( 1, 0), (-1, 0), ( 1, 0), ( 1, 0), ( 1, 0), ( 1, 0),
   ( 1, 0), ( 1, 0), ( 1, 0), ( 1, 0), ( 1, 0), ( 0, 0), ( 1, 0), ( 0, 0),
   ( 0, 0), ( 0, 0), ( 0, 0), ( 0, 0), ( 1, 0), ( 1, 0), ( 1, 0), ( 1, 0),
   ( 1, 0), ( 1, 0), ( 1, 0), ( 1, 0), ( 1, 0), ( 1, 0), ( 1, 0), ( 1, 0),
   ( 1, 0), ( 1, 0), ( 0, 0), ( 1, 0), ( 1, 0), ( 0, 0), ( 1, 0), ( 0, 0),
   ( 1, 0), ( 0, 0), ( 0, 0), ( 0, 0), ( 0, 0), ( 1, 0), ( 1, 0), ( 0, 0),
   ( 0, 0), ( 1, 0), ( 1, 0), ( 1, 0), ( 1, 0), ( 0, 0), ( 1, 0), ( 1, 0),
   ( 1, 0), ( 1, 0), ( 0, 0), ( 1, 0), ( 1, 0), ( 1, 0), ( 0, 0), ( 0, 0),
   ( 0, 0), ( 0, 0), ( 0, 0), ( 1, 0));

Define KerningPairs
 ("11","AT","AV","AY","F,","F.","FA","LT","LV","LW","LY","P,","P.","PA","T,","T-",
  "T.","T:","T;","TA","Ta","Tc","Te","To","Ts","Tw","Ty","V,","V-","V.","VA","Va",
  "Ve","Vo","W,","W.","Y,","Y-","Y.","Y:","Y;","YA","Ya","Ye","Yo","Yp","Yq","Yu",
  "Yv","r,","r.","v,","v.","w,","w.","y,","y.","G,","G.","St","Sp");

Define KerningValues
 (  -1,  -1,  -1,  -1,  -1,  -1,  -1,  -1,  -1,  -1,  -1,  -2,  -2,  -1,  -1,  -1,
    -1,  -1,  -1,  -1,  -1,  -1,  -1,  -1,  -1,  -1,  -1,  -1,  -1,  -1,  -1,  -1,
    -1,  -1,  -1,  -1,  -2,  -1,  -2,  -1,  -1,  -1,  -1,  -1,  -1,  -1,  -1,  -1,
    -1,  -1,  -1,  -1,  -1,  -1,  -1,  -1,  -1,  -1,  -1,  -1,  -1);

CreateLayer               Main;
LayerSetImage             Main 'Arial9';
LayerSetAscent            Main 11;
LayerSetCharWidths        Main CharList WidthList;
LayerSetCharWidths        Main (' ') (3);
LayerSetKerningPairs      Main KerningPairs KerningValues;
LayerSetImageMap          Main CharList RectList;
LayerSetCharOffsets       Main CharList OffsetList;
LayerSetAscentPadding     Main 0;
LayerSetLineSpacingOffset Main 0;
LayerSetPointSize         Main 9;

SetDefaultPointSize  9;
