Define CharList
 ( 'A', 'B', 'C', 'D', 'E', 'F', 'G', 'H', 'I', 'J', 'K', 'L', 'M', 'N', 'O', 'P',
   'Q', 'R', 'S', 'T', 'U', 'V', 'W', 'X', 'Y', 'Z', 'a', 'b', 'c', 'd', 'e', 'f',
   'g', 'h', 'i', 'j', 'k', 'l', 'm', 'n', 'o', 'p', 'q', 'r', 's', 't', 'u', 'v',
   'w', 'x', 'y', 'z', '0', '1', '2', '3', '4', '5', '6', '7', '8', '9', '~', '`',
   '!', '@', '#', '$', '%', '^', '&', '*', '(', ')', '-', '_', '=', '+', '[', '{',
   ']', '}', ';', ':',"'", '"', ',', '<', '.', '>', '/', '?', '¡', '¢', '£', '¥',
   '§', '©', '®', '¿');

Define WidthList
 (   9,   9,   9,   9,   8,   8,  10,   9,   4,   7,   9,   8,  11,   9,  10,   9,
    10,   9,   9,   8,   9,   9,  13,   9,   8,   7,   8,   8,   7,   8,   8,   4,
     8,   8,   4,   4,   7,   4,  12,   8,   8,   8,   8,   5,   6,   4,   8,   7,
    11,   8,   7,   7,   7,   7,   7,   7,   7,   7,   7,   7,   7,   7,   8,   4,
     4,  13,   7,   7,  10,   8,   9,   5,   4,   4,   4,   7,   8,   8,   4,   5,
     4,   5,   4,   4,   3,   6,   4,   8,   4,   8,   4,   8,   4,   7,   7,   7,
     7,  10,  10,   8);

Define RectList
 ( (   0,  0,  9, 15), (  10,  0,  7, 15), (  18,  0,  8, 15), (  27,  0,  7, 15),
   (  35,  0,  6, 15), (  42,  0,  6, 15), (  49,  0,  8, 15), (  58,  0,  7, 15),
   (  66,  0,  2, 15), (  69,  0,  6, 15), (  76,  0,  7, 15), (  84,  0,  6, 15),
   (  91,  0,  9, 15), ( 101,  0,  7, 15), ( 109,  0,  8, 15), ( 118,  0,  7, 15),
   ( 126,  0,  8, 15), ( 135,  0,  8, 15), ( 144,  0,  7, 15), ( 152,  0,  8, 15),
   ( 161,  0,  7, 15), ( 169,  0,  9, 15), ( 179,  0, 13, 15), ( 193,  0,  7, 15),
   ( 201,  0,  8, 15), ( 210,  0,  7, 15), ( 218,  0,  6, 15), ( 225,  0,  6, 15),
   ( 232,  0,  6, 15), ( 239,  0,  6, 15), ( 246,  0,  6, 15), ( 253,  0,  5, 15),
   ( 259,  0,  6, 15), ( 266,  0,  6, 15), ( 273,  0,  2, 15), ( 276,  0,  4, 15),
   ( 281,  0,  6, 15), ( 288,  0,  2, 15), ( 291,  0, 10, 15), ( 302,  0,  6, 15),
   ( 309,  0,  6, 15), ( 316,  0,  6, 15), ( 323,  0,  6, 15), ( 330,  0,  4, 15),
   ( 335,  0,  6, 15), ( 342,  0,  4, 15), ( 347,  0,  6, 15), ( 354,  0,  7, 15),
   ( 362,  0, 11, 15), ( 374,  0,  6, 15), ( 381,  0,  7, 15), ( 389,  0,  5, 15),
   ( 395,  0,  6, 15), ( 402,  0,  4, 15), ( 407,  0,  6, 15), ( 414,  0,  6, 15),
   ( 421,  0,  6, 15), ( 428,  0,  6, 15), ( 435,  0,  6, 15), ( 442,  0,  6, 15),
   ( 449,  0,  6, 15), ( 456,  0,  6, 15), ( 463,  0,  7, 15), ( 471,  0,  3, 15),
   ( 475,  0,  2, 15), ( 478,  0, 13, 15), ( 492,  0,  6, 15), ( 499,  0,  5, 15),
   ( 505,  0,  8, 15), ( 514,  0,  6, 15), ( 521,  0,  8, 15), ( 530,  0,  5, 15),
   ( 536,  0,  3, 15), ( 540,  0,  3, 15), ( 544,  0,  3, 15), ( 548,  0,  7, 15),
   ( 556,  0,  7, 15), ( 564,  0,  6, 15), ( 571,  0,  3, 15), ( 575,  0,  5, 15),
   ( 581,  0,  3, 15), ( 585,  0,  5, 15), ( 591,  0,  2, 15), ( 594,  0,  2, 15),
   ( 597,  0,  2, 15), ( 600,  0,  5, 15), ( 606,  0,  2, 15), ( 609,  0,  6, 15),
   ( 616,  0,  2, 15), ( 619,  0,  6, 15), ( 626,  0,  4, 15), ( 631,  0,  7, 15),
   ( 639,  0,  2, 15), ( 642,  0,  6, 15), ( 649,  0,  7, 15), ( 657,  0,  6, 15),
   ( 664,  0,  6, 15), ( 671,  0, 10, 15), ( 682,  0, 10, 15), ( 693,  0,  7, 15));

Define OffsetList
 ( ( 0, 0), ( 1, 0), ( 1, 0), ( 1, 0), ( 1, 0), ( 1, 0), ( 1, 0), ( 1, 0),
   ( 1, 0), ( 0, 0), ( 1, 0), ( 1, 0), ( 1, 0), ( 1, 0), ( 1, 0), ( 1, 0),
   ( 1, 0), ( 1, 0), ( 1, 0), ( 0, 0), ( 1, 0), ( 0, 0), ( 0, 0), ( 1, 0),
   ( 0, 0), ( 0, 0), ( 1, 0), ( 1, 0), ( 1, 0), ( 1, 0), ( 1, 0), ( 0, 0),
   ( 1, 0), ( 1, 0), ( 1, 0), (-1, 0), ( 1, 0), ( 1, 0), ( 1, 0), ( 1, 0),
   ( 1, 0), ( 1, 0), ( 1, 0), ( 1, 0), ( 0, 0), ( 0, 0), ( 1, 0), ( 0, 0),
   ( 0, 0), ( 1, 0), ( 0, 0), ( 1, 0), ( 0, 0), ( 1, 0), ( 0, 0), ( 0, 0),
   ( 0, 0), ( 0, 0), ( 0, 0), ( 0, 0), ( 0, 0), ( 0, 0), ( 0, 0), ( 0, 0),
   ( 1, 0), ( 0, 0), ( 0, 0), ( 1, 0), ( 1, 0), ( 0, 0), ( 1, 0), ( 0, 0),
   ( 1, 0), ( 0, 0), ( 1, 0), ( 0, 0), ( 0, 0), ( 1, 0), ( 1, 0), ( 0, 0),
   ( 0, 0), ( 0, 0), ( 1, 0), ( 1, 0), ( 1, 0), ( 1, 0), ( 1, 0), ( 0, 0),
   ( 1, 0), ( 1, 0), ( 0, 0), ( 0, 0), ( 1, 0), ( 0, 0), ( 0, 0), ( 0, 0),
   ( 0, 0), ( 0, 0), ( 0, 0), ( 0, 0));

Define KerningPairs
 ("11","AT","AV","AW","AY","F,","F.","FA","LT","LV","LW","LY","P,","P.","PA","T,",
  "T-","T.","T:","T;","TA","Ta","Tc","Te","To","Tr","Ts","Tu","Tw","Ty","V,","V-",
  "V.","V:","V;","VA","Va","Ve","Vo","Vr","W,","W.","WA","Y,","Y-","Y.","Y:","Y;",
  "YA","Ya","Ye","Yo","Yp","Yq","Yu","Yv","r,","r.","v,","v.","y,","y.","G,","G.");

Define KerningValues
 (  -1,  -1,  -1,  -1,  -1,  -1,  -1,  -1,  -1,  -1,  -1,  -1,  -2,  -2,  -1,  -1,
    -1,  -1,  -1,  -1,  -1,  -1,  -1,  -1,  -1,  -1,  -1,  -1,  -1,  -1,  -1,  -1,
    -1,  -1,  -1,  -1,  -1,  -1,  -1,  -1,  -1,  -1,  -1,  -1,  -1,  -1,  -1,  -1,
    -1,  -1,  -1,  -1,  -1,  -1,  -1,  -1,  -1,  -1,  -1,  -1,  -1,  -1,  -1,  -1);

CreateLayer               Main;
LayerSetImage             Main 'Arial10Bold';
LayerSetAscent            Main 12;
LayerSetCharWidths        Main CharList WidthList;
LayerSetCharWidths        Main (' ') (4);
LayerSetKerningPairs      Main KerningPairs KerningValues;
LayerSetImageMap          Main CharList RectList;
LayerSetCharOffsets       Main CharList OffsetList;
LayerSetAscentPadding     Main 0;
LayerSetLineSpacingOffset Main 0;
LayerSetPointSize         Main 10;

SetDefaultPointSize  10;
